Microglia
Microglia
Microglia
Microglia
Microglia
Microglia
Microglia
Microglia
Endothelial
Excitatory
Excitatory
Excitatory
Excitatory
Excitatory
Excitatory
Excitatory
Excitatory
Excitatory
Excitatory
Excitatory
Excitatory
Excitatory
Excitatory
Excitatory
Excitatory
Excitatory
Excitatory
Excitatory
Excitatory
Excitatory
Excitatory
Excitatory
Excitatory
Excitatory
Excitatory
Excitatory
Excitatory
Excitatory
Excitatory
Excitatory
Excitatory
Excitatory
Excitatory
Excitatory
Excitatory
Excitatory
Excitatory
Excitatory
Excitatory
Excitatory
Excitatory
Excitatory
Excitatory
Excitatory
Excitatory
Excitatory
Excitatory
Excitatory
Excitatory
Excitatory
Excitatory
Excitatory
Excitatory
Excitatory
Excitatory
Excitatory
Excitatory
Excitatory
Excitatory
Excitatory
Excitatory
Excitatory
Excitatory
Excitatory
Excitatory
Excitatory
Excitatory
Excitatory
Excitatory
Excitatory
Excitatory
Excitatory
Excitatory
Excitatory
Excitatory
Excitatory
Excitatory
Excitatory
Excitatory
Excitatory
Excitatory
Excitatory
Excitatory
Excitatory
Excitatory
Excitatory
Excitatory
Excitatory
Excitatory
Excitatory
Excitatory
Excitatory
Excitatory
Excitatory
Excitatory
Excitatory
Excitatory
Excitatory
Excitatory
Excitatory
Excitatory
Excitatory
Excitatory
Excitatory
Excitatory
Excitatory
Excitatory
Excitatory
Excitatory
Excitatory
Excitatory
Excitatory
Excitatory
Excitatory
Excitatory
Excitatory
Excitatory
Excitatory
Excitatory
Excitatory
Excitatory
Excitatory
Excitatory
Excitatory
Excitatory
Excitatory
Excitatory
Excitatory
Excitatory
Excitatory
Excitatory
Excitatory
Excitatory
Excitatory
Excitatory
Excitatory
Excitatory
Excitatory
Excitatory
Excitatory
Excitatory
Excitatory
Excitatory
Excitatory
Excitatory
Excitatory
Excitatory
Excitatory
Excitatory
Excitatory
Excitatory
Excitatory
Excitatory
Excitatory
Excitatory
Excitatory
Excitatory
Excitatory
Excitatory
Excitatory
Excitatory
Excitatory
Excitatory
Excitatory
Excitatory
Excitatory
Excitatory
Excitatory
Excitatory
Excitatory
Excitatory
Excitatory
Excitatory
Excitatory
Excitatory
Excitatory
Excitatory
Excitatory
Excitatory
Excitatory
Excitatory
Excitatory
Excitatory
Excitatory
Excitatory
Excitatory
Excitatory
Excitatory
Excitatory
Excitatory
Excitatory
Excitatory
Excitatory
Excitatory
Excitatory
Excitatory
Excitatory
Excitatory
Excitatory
Excitatory
Excitatory
Excitatory
Excitatory
Excitatory
Excitatory
Excitatory
Excitatory
Excitatory
Excitatory
Excitatory
Excitatory
Excitatory
Excitatory
Excitatory
Excitatory
Excitatory
Excitatory
Excitatory
Excitatory
Excitatory
Excitatory
Excitatory
Excitatory
Excitatory
Excitatory
Excitatory
Excitatory
Excitatory
Excitatory
Excitatory
Excitatory
Excitatory
Excitatory
Excitatory
Excitatory
Excitatory
Excitatory
Excitatory
Excitatory
Excitatory
Excitatory
Excitatory
Excitatory
Excitatory
Excitatory
Excitatory
Excitatory
Excitatory
Excitatory
Excitatory
Excitatory
Excitatory
Excitatory
Excitatory
Excitatory
Excitatory
Excitatory
Excitatory
Excitatory
Excitatory
Excitatory
Excitatory
Excitatory
Excitatory
Excitatory
Excitatory
Excitatory
Excitatory
Excitatory
Excitatory
Excitatory
Excitatory
Excitatory
Excitatory
Excitatory
Excitatory
Excitatory
Excitatory
Excitatory
Excitatory
Excitatory
Excitatory
Excitatory
Excitatory
Excitatory
Excitatory
Excitatory
Excitatory
Excitatory
Excitatory
Excitatory
Excitatory
Excitatory
Excitatory
Excitatory
Excitatory
Excitatory
Excitatory
Excitatory
Excitatory
Excitatory
Excitatory
Excitatory
Excitatory
Excitatory
Excitatory
Excitatory
Excitatory
Excitatory
Excitatory
Excitatory
Excitatory
Excitatory
Excitatory
Excitatory
Excitatory
Excitatory
Excitatory
Excitatory
Excitatory
Excitatory
Excitatory
Excitatory
Excitatory
Excitatory
Excitatory
Excitatory
Excitatory
Excitatory
Excitatory
Excitatory
Excitatory
Excitatory
Excitatory
Excitatory
Excitatory
Excitatory
Excitatory
Excitatory
Excitatory
Excitatory
Excitatory
Excitatory
Excitatory
Excitatory
Excitatory
Excitatory
Excitatory
Excitatory
Excitatory
Excitatory
Excitatory
Excitatory
Excitatory
Excitatory
Excitatory
Excitatory
Excitatory
Excitatory
Excitatory
Excitatory
Excitatory
Excitatory
Excitatory
Excitatory
Excitatory
Excitatory
Excitatory
Excitatory
Excitatory
Excitatory
Excitatory
Excitatory
Excitatory
Excitatory
Excitatory
Excitatory
Excitatory
Excitatory
Excitatory
Excitatory
Excitatory
Excitatory
Excitatory
Excitatory
Excitatory
Excitatory
Excitatory
Excitatory
Excitatory
Excitatory
Excitatory
Excitatory
Excitatory
Excitatory
Excitatory
Excitatory
Excitatory
Excitatory
Excitatory
Excitatory
Excitatory
Excitatory
Excitatory
Excitatory
Excitatory
Excitatory
Excitatory
Excitatory
Excitatory
Excitatory
Excitatory
Excitatory
Excitatory
Excitatory
Excitatory
Excitatory
Excitatory
Excitatory
Excitatory
Excitatory
Excitatory
Excitatory
Excitatory
Excitatory
Excitatory
Excitatory
Excitatory
Excitatory
Excitatory
Excitatory
Excitatory
Excitatory
Excitatory
Excitatory
Excitatory
Excitatory
Excitatory
Excitatory
Excitatory
Excitatory
Excitatory
Excitatory
Excitatory
Excitatory
Excitatory
Excitatory
Excitatory
Excitatory
Excitatory
Excitatory
Excitatory
Excitatory
Excitatory
Excitatory
Excitatory
Excitatory
Excitatory
Excitatory
Excitatory
Excitatory
Excitatory
Excitatory
Excitatory
Excitatory
Excitatory
Excitatory
Excitatory
Excitatory
Excitatory
Excitatory
Excitatory
Excitatory
Excitatory
Excitatory
Excitatory
Excitatory
Excitatory
Excitatory
Excitatory
Excitatory
Excitatory
Excitatory
Excitatory
Excitatory
Excitatory
Excitatory
Excitatory
Excitatory
Excitatory
Excitatory
Excitatory
Excitatory
Excitatory
Excitatory
Excitatory
Excitatory
Excitatory
Excitatory
Excitatory
Excitatory
Excitatory
Excitatory
Excitatory
Excitatory
Excitatory
Excitatory
Excitatory
Excitatory
Excitatory
Excitatory
Excitatory
Excitatory
Excitatory
Excitatory
Excitatory
Excitatory
Excitatory
Excitatory
Excitatory
Excitatory
Excitatory
Excitatory
Excitatory
Excitatory
Excitatory
Excitatory
Excitatory
Excitatory
Excitatory
Excitatory
Excitatory
Excitatory
Excitatory
Excitatory
Excitatory
Excitatory
Excitatory
Excitatory
Excitatory
Excitatory
Excitatory
Excitatory
Excitatory
Excitatory
Excitatory
Excitatory
Excitatory
Excitatory
Excitatory
Excitatory
Excitatory
Excitatory
Excitatory
Excitatory
Excitatory
Excitatory
Excitatory
Excitatory
Excitatory
Excitatory
Excitatory
Excitatory
Excitatory
Excitatory
Excitatory
Excitatory
Excitatory
Excitatory
Excitatory
Excitatory
Excitatory
Excitatory
Excitatory
Excitatory
Excitatory
Excitatory
Excitatory
Excitatory
Excitatory
Excitatory
Excitatory
Excitatory
Excitatory
Excitatory
Excitatory
Excitatory
Excitatory
Excitatory
Excitatory
Excitatory
Excitatory
Excitatory
Excitatory
Excitatory
Excitatory
Excitatory
Excitatory
Excitatory
Excitatory
Excitatory
Excitatory
Excitatory
Excitatory
Excitatory
Excitatory
Excitatory
Excitatory
Excitatory
Excitatory
Excitatory
Excitatory
Excitatory
Excitatory
Excitatory
Excitatory
Excitatory
Excitatory
Excitatory
Excitatory
Excitatory
Excitatory
Excitatory
Excitatory
Excitatory
Excitatory
Excitatory
Excitatory
Excitatory
Excitatory
Excitatory
Excitatory
Excitatory
Excitatory
Excitatory
Excitatory
Excitatory
Excitatory
Excitatory
Excitatory
Excitatory
Excitatory
Excitatory
Excitatory
Excitatory
Excitatory
Excitatory
Excitatory
Excitatory
Excitatory
Excitatory
Excitatory
Excitatory
Excitatory
Excitatory
Excitatory
Excitatory
Excitatory
Excitatory
Excitatory
Excitatory
Excitatory
Excitatory
Excitatory
Excitatory
Excitatory
Excitatory
Excitatory
Excitatory
Excitatory
Excitatory
Excitatory
Excitatory
Excitatory
Excitatory
Excitatory
Excitatory
Excitatory
Excitatory
Excitatory
Excitatory
Excitatory
Excitatory
Excitatory
Excitatory
Excitatory
Excitatory
Excitatory
Excitatory
Excitatory
Excitatory
Excitatory
Excitatory
Excitatory
Excitatory
Excitatory
Excitatory
Excitatory
Excitatory
Excitatory
Excitatory
Excitatory
Excitatory
Excitatory
Excitatory
Excitatory
Excitatory
Excitatory
Excitatory
Excitatory
Excitatory
Excitatory
Excitatory
Excitatory
Excitatory
Excitatory
Excitatory
Excitatory
Excitatory
Excitatory
Excitatory
Excitatory
Excitatory
Excitatory
Excitatory
Excitatory
Excitatory
Excitatory
Excitatory
Excitatory
Excitatory
Excitatory
Excitatory
Excitatory
Excitatory
OPCs
OPCs
Astrocytes
Astrocytes
Astrocytes
Astrocytes
Astrocytes
Astrocytes
Astrocytes
Astrocytes
Astrocytes
Astrocytes
Astrocytes
Astrocytes
Astrocytes
Astrocytes
Astrocytes
Astrocytes
Astrocytes
Astrocytes
Astrocytes
Astrocytes
Astrocytes
Astrocytes
Astrocytes
Astrocytes
Astrocytes
Astrocytes
Astrocytes
Astrocytes
Astrocytes
Astrocytes
Astrocytes
Astrocytes
Astrocytes
Astrocytes
Astrocytes
Astrocytes
Astrocytes
Astrocytes
Astrocytes
Astrocytes
Astrocytes
Astrocytes
Astrocytes
Astrocytes
Astrocytes
Astrocytes
Astrocytes
Astrocytes
Astrocytes
Astrocytes
Astrocytes
Astrocytes
Astrocytes
Astrocytes
Astrocytes
Astrocytes
Astrocytes
Astrocytes
Astrocytes
Astrocytes
Astrocytes
Astrocytes
Astrocytes
Astrocytes
Astrocytes
Astrocytes
Astrocytes
Astrocytes
Astrocytes
Astrocytes
Astrocytes
Astrocytes
Astrocytes
Astrocytes
Astrocytes
Astrocytes
Astrocytes
Astrocytes
Astrocytes
Astrocytes
Astrocytes
Astrocytes
Astrocytes
Astrocytes
Astrocytes
Astrocytes
Astrocytes
Astrocytes
Astrocytes
Astrocytes
Astrocytes
Astrocytes
Astrocytes
Astrocytes
Astrocytes
Astrocytes
Astrocytes
Astrocytes
Astrocytes
Astrocytes
Astrocytes
Astrocytes
Astrocytes
Astrocytes
Astrocytes
Astrocytes
Astrocytes
Astrocytes
Astrocytes
Astrocytes
Astrocytes
Astrocytes
Astrocytes
Astrocytes
Astrocytes
Astrocytes
Astrocytes
Astrocytes
Astrocytes
Astrocytes
Astrocytes
Astrocytes
Astrocytes
Astrocytes
Astrocytes
Astrocytes
Astrocytes
Astrocytes
Astrocytes
Astrocytes
Astrocytes
Astrocytes
Astrocytes
Astrocytes
Astrocytes
Astrocytes
Astrocytes
Astrocytes
Astrocytes
Astrocytes
Astrocytes
Astrocytes
Astrocytes
Astrocytes
Astrocytes
Astrocytes
Astrocytes
Astrocytes
Astrocytes
Astrocytes
Astrocytes
Astrocytes
Astrocytes
Astrocytes
Astrocytes
Astrocytes
Astrocytes
Astrocytes
Astrocytes
Astrocytes
Astrocytes
Astrocytes
Astrocytes
Astrocytes
Astrocytes
Astrocytes
Astrocytes
Astrocytes
Astrocytes
Astrocytes
Astrocytes
Astrocytes
Astrocytes
Astrocytes
Astrocytes
Astrocytes
Astrocytes
Astrocytes
Astrocytes
Astrocytes
Astrocytes
Astrocytes
Astrocytes
Astrocytes
Astrocytes
Astrocytes
Astrocytes
Astrocytes
Astrocytes
Astrocytes
Astrocytes
Astrocytes
Astrocytes
Astrocytes
Astrocytes
Astrocytes
Astrocytes
Astrocytes
Astrocytes
Astrocytes
Astrocytes
Astrocytes
Astrocytes
Astrocytes
Astrocytes
Astrocytes
Astrocytes
Astrocytes
Astrocytes
Astrocytes
Astrocytes
Astrocytes
Astrocytes
Astrocytes
Astrocytes
Astrocytes
Astrocytes
Astrocytes
Astrocytes
Astrocytes
Astrocytes
Astrocytes
Astrocytes
Astrocytes
Astrocytes
Astrocytes
Astrocytes
Astrocytes
Astrocytes
Astrocytes
Astrocytes
Astrocytes
Astrocytes
Astrocytes
Astrocytes
Astrocytes
Astrocytes
Astrocytes
Astrocytes
Astrocytes
Astrocytes
Astrocytes
Astrocytes
Astrocytes
Astrocytes
Astrocytes
Astrocytes
Astrocytes
Astrocytes
Astrocytes
Astrocytes
Astrocytes
Astrocytes
Astrocytes
Oligodendrocytes
Oligodendrocytes
Oligodendrocytes
Oligodendrocytes
Oligodendrocytes
Oligodendrocytes
Oligodendrocytes
Oligodendrocytes
Oligodendrocytes
Oligodendrocytes
Oligodendrocytes
Oligodendrocytes
Oligodendrocytes
Oligodendrocytes
Oligodendrocytes
Oligodendrocytes
Oligodendrocytes
Oligodendrocytes
Oligodendrocytes
Oligodendrocytes
Oligodendrocytes
Oligodendrocytes
Oligodendrocytes
Oligodendrocytes
Oligodendrocytes
Oligodendrocytes
Oligodendrocytes
Oligodendrocytes
Oligodendrocytes
Oligodendrocytes
Oligodendrocytes
Oligodendrocytes
Oligodendrocytes
Oligodendrocytes
Oligodendrocytes
Oligodendrocytes
Oligodendrocytes
Oligodendrocytes
Oligodendrocytes
Oligodendrocytes
Oligodendrocytes
Oligodendrocytes
Oligodendrocytes
Oligodendrocytes
Oligodendrocytes
Oligodendrocytes
Oligodendrocytes
Oligodendrocytes
Oligodendrocytes
Oligodendrocytes
Oligodendrocytes
Oligodendrocytes
Oligodendrocytes
Oligodendrocytes
Oligodendrocytes
Oligodendrocytes
Oligodendrocytes
Oligodendrocytes
Oligodendrocytes
Oligodendrocytes
Oligodendrocytes
Oligodendrocytes
Oligodendrocytes
Oligodendrocytes
Oligodendrocytes
Oligodendrocytes
Oligodendrocytes
Oligodendrocytes
Oligodendrocytes
Oligodendrocytes
Oligodendrocytes
Oligodendrocytes
Oligodendrocytes
Oligodendrocytes
Oligodendrocytes
Oligodendrocytes
Oligodendrocytes
Oligodendrocytes
Oligodendrocytes
Oligodendrocytes
Oligodendrocytes
Oligodendrocytes
Oligodendrocytes
Oligodendrocytes
Oligodendrocytes
Oligodendrocytes
Oligodendrocytes
Oligodendrocytes
Oligodendrocytes
Oligodendrocytes
Oligodendrocytes
Oligodendrocytes
Oligodendrocytes
Oligodendrocytes
Oligodendrocytes
Oligodendrocytes
Oligodendrocytes
Oligodendrocytes
Oligodendrocytes
Oligodendrocytes
Oligodendrocytes
Oligodendrocytes
Oligodendrocytes
Oligodendrocytes
Oligodendrocytes
Oligodendrocytes
Oligodendrocytes
Oligodendrocytes
Oligodendrocytes
Oligodendrocytes
Oligodendrocytes
Oligodendrocytes
Oligodendrocytes
Oligodendrocytes
Oligodendrocytes
Oligodendrocytes
Oligodendrocytes
Oligodendrocytes
Oligodendrocytes
Oligodendrocytes
Oligodendrocytes
Oligodendrocytes
Oligodendrocytes
Oligodendrocytes
Oligodendrocytes
Oligodendrocytes
Oligodendrocytes
Oligodendrocytes
Oligodendrocytes
Oligodendrocytes
Oligodendrocytes
Oligodendrocytes
Oligodendrocytes
Oligodendrocytes
Inhibitory
Inhibitory
Inhibitory
Inhibitory
Inhibitory
Inhibitory
Inhibitory
Inhibitory
Inhibitory
Inhibitory
Inhibitory
Inhibitory
Inhibitory
Inhibitory
Inhibitory
Inhibitory
Inhibitory
Inhibitory
Inhibitory
Inhibitory
Inhibitory
Inhibitory
Inhibitory
Inhibitory
Inhibitory
Inhibitory
Inhibitory
Inhibitory
Inhibitory
Inhibitory
Inhibitory
Inhibitory
Inhibitory
Inhibitory
Inhibitory
Inhibitory
Inhibitory
Inhibitory
Inhibitory
Inhibitory
Inhibitory
Inhibitory
Inhibitory
Inhibitory
Inhibitory
Inhibitory
Inhibitory
Inhibitory
Inhibitory
Inhibitory
Inhibitory
Inhibitory
Inhibitory
Inhibitory
Inhibitory
Inhibitory
Inhibitory
Inhibitory
Inhibitory
Inhibitory
Inhibitory
Inhibitory
Inhibitory
Inhibitory
Inhibitory
Inhibitory
Inhibitory
Inhibitory
Inhibitory
Inhibitory
Inhibitory
Inhibitory
Inhibitory
Inhibitory
Inhibitory
Inhibitory
Inhibitory
Inhibitory
Inhibitory
Inhibitory
Inhibitory
Inhibitory
Inhibitory
Inhibitory
Inhibitory
Inhibitory
Inhibitory
Inhibitory
Inhibitory
Inhibitory
Inhibitory
Inhibitory
Inhibitory
Inhibitory
Inhibitory
Inhibitory
Inhibitory
Inhibitory
Inhibitory
Inhibitory
Inhibitory
Inhibitory
Inhibitory
Inhibitory
Inhibitory
Inhibitory
Inhibitory
Inhibitory
Inhibitory
Inhibitory
Inhibitory
Inhibitory
Inhibitory
Inhibitory
Inhibitory
Inhibitory
Inhibitory
Inhibitory
Inhibitory
Inhibitory
Inhibitory
Inhibitory
Inhibitory
Inhibitory
Inhibitory
Inhibitory
Inhibitory
Inhibitory
Inhibitory
Inhibitory
Inhibitory
Inhibitory
Inhibitory
Inhibitory
Inhibitory
Inhibitory
Inhibitory
Inhibitory
Inhibitory
Inhibitory
Inhibitory
Inhibitory
Inhibitory
Inhibitory
Inhibitory
Inhibitory
Inhibitory
Inhibitory
Inhibitory
Inhibitory
Inhibitory
Inhibitory
Inhibitory
Inhibitory
Inhibitory
Inhibitory
Inhibitory
Inhibitory
Inhibitory
Inhibitory
Inhibitory
Inhibitory
Inhibitory
Inhibitory
Inhibitory
Inhibitory
Inhibitory
Inhibitory
Inhibitory
Inhibitory
Inhibitory
Inhibitory
Inhibitory
Inhibitory
Inhibitory
Inhibitory
Inhibitory
Inhibitory
Inhibitory
Inhibitory
Inhibitory
Inhibitory
Inhibitory
Inhibitory
Inhibitory
Inhibitory
Inhibitory
Inhibitory
Inhibitory
Inhibitory
Inhibitory
Inhibitory
Inhibitory
Inhibitory
Inhibitory
Inhibitory
Inhibitory
Inhibitory
Inhibitory
Inhibitory
Inhibitory
Inhibitory
Inhibitory
Inhibitory
Inhibitory
Inhibitory
Inhibitory
Inhibitory
Inhibitory
Inhibitory
Inhibitory
Inhibitory
Inhibitory
Inhibitory
Inhibitory
Inhibitory
Inhibitory
Inhibitory
Inhibitory
Inhibitory
Inhibitory
Inhibitory
Inhibitory
Inhibitory
Inhibitory
Inhibitory
Inhibitory
Inhibitory
Inhibitory
Inhibitory
Inhibitory
Inhibitory
Inhibitory
Inhibitory
Inhibitory
Inhibitory
Inhibitory
Inhibitory
Inhibitory
Inhibitory
Inhibitory
Inhibitory
Inhibitory
Inhibitory
Inhibitory
Inhibitory
Inhibitory
Inhibitory
Inhibitory
Inhibitory
Inhibitory
